8,9
40,32
24,49
39
48,47,58,59,60,51,50,41,42,33,25,16,15,14,23,22,31,30
10,11
62,64,65,87,73,83
50,39,41,37,27,29
17
15,16,18,19,20,31,42,40,30,28,38,24,25,26,35,36,61,72,82,71,84,85,86,75,76,63,96,97
10,8
43,45,46,62,68
36,28,19,21,30
12
10,11,13,14,22,23,31,29,27,20,26,18,42,44,54,70,69,61,53,52,51,59,67,66,58,50
8,8
27,28,30,46
19,36,21,37
12
11,26,34,35,44,52,53,54,38,31,23,22,13,29
8,9
56,57,39,38,47
30,49,41,43,34
48
58,59,50,51,52,35,26,25,24,33,32,31,22,13,12,11,20,29
10,16
34,22,54,59,47,109
35,21,117,125,94,62
137
18,19,20,36,37,38,39,23,70,53,69,85,101,86,102,130,131,132,133,134,135,136,138,139,140,141,142,143,110,93,77,78,61,60,63,46,45,44,43
7,12
63,64,65,66,68,69
54,42,30,44,56,39
67
62,50,38,40,41,29,31,32,20,19,43,52,45,34,35,47,59,58,70,46
9,8
27,29,45
36,30,53
61
19,26,34,35,37,38,39,22,21,13,12,20,28,47,55,54
8,8
36,30,31
27,43,22
19
18,10,11,12,20,21,14,15,23,39,47,46,38,45,44,52,51,35
9,9
50,51,52,42
39,58,61,23
22
13,14,15,24,33,43,53,62,70,69,68,59,57,48,49,41,31,30,29,20,21
7,9
24,33,42
22,40,43
11
12,13,23,25,26,35,44,51,50,49,31,39,30,29,20,32
8,9
39,31,23,33,43,51,41,49
30,22,32,24,34,42,50,40
14
12,13,15,25,26,35,52,60,59,58,48,38,29,20,21
8,8
28,14,20
36,29,38
44
12,13,15,21,23,31,30,45,46,35,27,19
8,8
13,21,35
36,37,30
14
15,23,31,38,44,43,27,28,29,12,11,19
8,8
20,36,52
21,19,43
14
13,22,30,29,28,27,26,35,44,51,18
8,8
11,15,23
28,29,37
31
39,47,46,38,30,22,21,36,44,52,51,43,35,19,27
8,8
26,42,51
45,29,30
14
27,34,43,35,36,37,38,44,52,53,21,13,22,23,31
8,8
10,18,12
20,21,35
29
11,28,27,26,34,43,44,45,37,38,30,22
8,8
26,29,20
35,28,30
12
27,19,11,13,21,22,23,31,37,45,44,43
8,8
23,39,30
22,46,43
54
52,44,51,50,42,45,47,55,37,29,28,36,31,15,14
8,8
20,38,55
21,29,23
47
54,53,52,44,45,46,39,31,15,14,22,30,28,12,11,10,18,26,27
8,8
50,51,42
36,28,30
14
15,23,22,21,13,29,37,38,46,54,53,52,44,43,35,27
6,19
24,25,26,34,33,32
53,54,55,43,42,41
29
21,22,23,27,28,30,31,35,36,37,56,52,51,72,73,74,93,92,40,44,45,62,81,80,61,60
8,7
25,39,34
32,40,19
27
20,12,11,18,17,16,23,30,37,38,45,46,47,41,33
7,9
21,31,33,25
32,23,39,43
50
49,51,42,44,35,26,24,15,14,13,22,40,38,29,20
9,9
31,41,33,49,60
50,43,32,24,40
42
67,68,69,58,51,61,62,53,44,15,14,13,22,30,29,38,47,48
11,14
21,22,23,37,51,50,52,53,54,55,39,26,67,68,79,78
65,63,61,73,88,102,101,103,116,118,105,120,107,122,109,124
110
35,49,48,47,46,60,59,58,72,86,87,100,114,115,129,130,131,132,133,134,135,136,137,138,125,111,96,95,108,123,121,119,117,104,106,91,90,89,62,64,24,25,27,41,40
8,13
42,68,84,87,35,32
55,56,43,73,61,75
82
80,67,81,83,85,86,88,76,63,64,51,50,37,36,22,21,20,19,31,30,29,28,41,69,57,70,60,59,62,48,47,46
12,9
23,24,50,51,68,70,79
22,25,49,52,60,76,87
43
34,35,26,15,14,13,21,20,29,38,47,48,40,31,58,67,69,78,88,61,97,96,86,85
10,12
40,41,53,65,77,64,80,56,57,44
39,29,42,32,68,70,66,89,92,75
67
74,62,63,51,27,28,30,18,19,31,43,76,78,90,91,101,102,93,81,69,71,59,58,45,33
